|Trigger name        |R.A.        |Decl.        |R         |Error R
PB910106             277.3480     -28.1670      21.4420    0.1080
                     297.0390     -23.6350      39.6330    0.6460
PB910206             96.2444      26.6960       12.3330    0.1188
                     136.4231     19.4763       46.2547    0.6727
910626               134.5570     18.5010       10.1640    0.0200
PB910817             149.3097     13.6873       81.7011    0.1174
920414-              331.0276     -9.1641       87.7240    0.0072
                     189.3865     -2.4127       89.7586    0.0042
					 340.6696     -6.4770       88.2950    0.0058
PB920723c            333.3403     -4.3489       89.8082    0.0281
PB920903a            338.7320     -0.5490       88.1650    0.0100
PB920903b            338.7440     -0.5400       54.1680    0.2150
                     338.7360     -0.5450       54.2280    0.0630
					 295.8700     35.4600       0.7000     --    
PB930106             345.5560     12.9840       21.0480    0.0210
PB930318             330.3840     14.2856       25.6779    0.0332 				 
930329               148.0900     -13.7230      35.5820    0.0100
930428               143.9000     -12.0850      46.2020    0.0050
930905-              335.6150     17.3890       28.6290    0.0060
PB931017             162.3890     -24.1100      58.9790    0.0030
931205-              347.1080     35.1330       38.3640    0.0180
PB940310             317.1414     52.2941       21.7619    0.1067
940717-              130.2460     -40.0760      54.3280    0.0060
PB950419             356.1311     17.3822       87.6451    0.0067
PB951014             27.2350      -57.7366      34.9854    0.0091